   2680.      0.1407E-01
   2678.      0.2065E-02
   2676.     -0.6664E-02
   2674.      0.4595E-02
   2672.      0.9544E-02
   2670.     -0.1653E-02
   2668.     -0.2797E-02
   2666.     -0.2026E-02
   2664.      0.1949E-01
   2662.     -0.1223E-01
   2660.     -0.1451E-02
   2657.     -0.1607E-02
   2655.      0.1110E-01
   2653.      0.9447E-03
   2651.     -0.5443E-02
   2649.      0.5706E-03
   2647.      0.6951E-03
   2645.      0.5964E-02
   2643.     -0.4057E-02
   2641.     -0.6029E-02
   2639.     -0.1287E-01
   2637.      0.8127E-02
   2635.     -0.9641E-03
   2633.      0.4633E-02
   2631.     -0.8762E-02
   2629.      0.2923E-02
   2627.     -0.5321E-03
   2625.     -0.3048E-02
   2623.      0.2429E-04
   2621.      0.2433E-02
   2619.      0.3564E-02
   2617.     -0.1346E-01
   2615.      0.2879E-03
   2612.     -0.3092E-02
   2610.      0.1725E-01
   2608.      0.5483E-02
   2606.      0.1270E-01
   2604.      0.9495E-02
   2602.     -0.4046E-02
   2600.     -0.1519E-01
   2598.     -0.6556E-02
   2596.     -0.6100E-02
   2594.     -0.8734E-02
   2592.      0.1184E-01
   2590.      0.4400E-02
   2588.     -0.2299E-03
   2586.     -0.4349E-02
   2584.     -0.7914E-03
   2582.     -0.6644E-03
   2580.      0.6613E-02
   2578.      0.4682E-02
   2576.     -0.3619E-02
   2574.     -0.1175E-01
   2572.     -0.7510E-02
   2570.     -0.1923E-02
   2567.     -0.1426E-01
   2565.      0.6590E-03
   2563.     -0.4737E-02
   2561.     -0.6754E-02
   2559.      0.1642E-01
   2557.      0.1154E-02
   2555.     -0.4814E-02
   2553.      0.3061E-02
   2551.      0.6788E-02
   2549.     -0.3668E-02
   2547.      0.3110E-02
   2545.     -0.1969E-02
   2543.     -0.5179E-02
   2541.     -0.1107E-02
   2539.      0.7455E-02
   2537.     -0.2952E-02
   2535.     -0.3775E-02
   2533.     -0.4355E-02
   2531.      0.8254E-04
   2529.     -0.1708E-02
   2527.     -0.2596E-02
   2525.      0.6161E-02
   2522.     -0.9749E-03
   2520.     -0.7453E-02
   2518.      0.6731E-03
   2516.     -0.5694E-02
   2514.      0.1626E-02
   2512.     -0.5071E-02
   2510.      0.2796E-02
   2508.     -0.1168E-01
   2506.     -0.5452E-02
   2504.      0.7924E-04
   2502.     -0.5417E-02
   2500.      0.9699E-02
   2498.      0.1525E-01
   2496.     -0.1464E-01
   2494.      0.3606E-02
   2492.     -0.8894E-02
   2490.     -0.6275E-02
   2488.     -0.3931E-02
   2486.     -0.4396E-02
   2484.      0.4331E-02
   2482.      0.4396E-02
   2480.     -0.2305E-02
   2477.     -0.1738E-02
   2475.     -0.6440E-02
   2473.     -0.2137E-01
   2471.     -0.9323E-02
   2469.      0.1802E-03
   2467.     -0.1145E-01
   2465.     -0.8979E-02
   2463.      0.9453E-02
   2461.     -0.1227E-01
   2459.     -0.1206E-01
   2457.     -0.8040E-02
   2455.      0.1027E-01
   2453.      0.2687E-02
   2451.     -0.4751E-03
   2449.      0.1293E-02
   2447.      0.9523E-03
   2445.      0.1098E-02
   2443.      0.4313E-02
   2441.      0.1176E-01
   2439.     -0.4774E-02
   2437.      0.8646E-02
   2435.      0.1703E-02
   2432.     -0.4117E-02
   2430.      0.4024E-02
   2428.     -0.2037E-02
   2426.      0.1226E-01
   2424.      0.8720E-02
   2422.      0.1413E-02
   2420.     -0.7210E-02
   2418.      0.9698E-03
   2416.     -0.1546E-01
   2414.     -0.8908E-02
   2412.      0.5838E-02
   2410.     -0.5011E-02
   2408.     -0.2720E-02
   2406.     -0.5486E-02
   2404.      0.1340E-01
   2402.     -0.2053E-02
   2400.     -0.6009E-02
   2398.      0.3266E-02
   2396.     -0.8551E-02
   2394.     -0.2190E-02
   2392.      0.7630E-02
   2390.      0.2665E-02
   2387.     -0.5437E-02
   2385.      0.6418E-02
   2383.     -0.1829E-02
   2381.     -0.8867E-03
   2379.     -0.5574E-03
   2377.     -0.8481E-02
   2375.      0.1101E-01
   2373.      0.3008E-02
   2371.      0.2426E-02
   2369.     -0.6274E-02
   2367.      0.1500E-01
   2365.      0.1321E-01
   2363.     -0.2627E-02
   2361.     -0.5622E-02
   2359.     -0.5072E-02
   2357.      0.2020E-02
   2355.      0.1212E-01
   2353.      0.7185E-02
   2351.      0.6654E-02
   2349.      0.2584E-02
   2347.     -0.1834E-01
   2345.     -0.1007E-01
   2342.     -0.7299E-02
   2340.      0.1260E-01
   2338.     -0.4243E-02
   2336.     -0.2736E-02
   2334.      0.1439E-02
   2332.     -0.2317E-02
   2330.      0.7115E-02
   2328.      0.5856E-02
   2326.      0.3473E-03
   2324.      0.9921E-02
   2322.     -0.3319E-02
   2320.      0.1372E-01
   2318.     -0.5968E-02
   2316.     -0.3285E-02
   2314.      0.1106E-02
   2312.      0.5165E-03
   2310.     -0.7240E-02
   2308.      0.2739E-03
   2306.      0.1858E-02
   2304.      0.8934E-02
   2302.     -0.4711E-02
   2300.      0.4347E-02
   2297.      0.5984E-02
   2295.     -0.1567E-01
   2293.      0.4792E-02
   2291.     -0.7162E-02
   2289.      0.6294E-02
   2287.      0.1438E-01
   2285.     -0.1385E-01
   2283.      0.9858E-02
   2281.      0.6706E-02
   2279.      0.6273E-02
   2277.     -0.2879E-02
   2275.      0.8177E-02
   2273.      0.7102E-02
   2271.      0.7446E-02
   2269.      0.2832E-02
   2267.      0.6057E-02
   2265.     -0.7108E-03
   2263.      0.1104E-01
   2261.     -0.3493E-02
   2259.     -0.1013E-01
   2257.      0.3877E-02
   2255.     -0.1537E-02
   2252.      0.9779E-02
   2250.      0.3831E-02
   2248.     -0.4639E-02
   2246.     -0.2507E-02
   2244.     -0.6745E-02
   2242.     -0.3672E-02
   2240.     -0.1057E-01
   2238.      0.4498E-02
   2236.      0.9591E-02
   2234.      0.3745E-03
   2232.      0.2198E-02
   2230.      0.9016E-02
   2228.     -0.3234E-02
   2226.      0.5377E-02
   2224.      0.7724E-02
   2222.     -0.2582E-03
   2220.      0.5729E-02
   2218.     -0.4514E-04
   2216.     -0.2247E-01
   2214.     -0.1022E-01
   2212.     -0.5077E-02
   2210.     -0.1674E-01
   2207.      0.2587E-02
   2205.     -0.9289E-02
   2203.     -0.5586E-02
   2201.      0.1009E-01
   2199.     -0.1121E-03
   2197.     -0.1065E-03
   2195.      0.9189E-03
   2193.     -0.1613E-01
   2191.     -0.6010E-02
   2189.      0.7586E-04
   2187.      0.1559E-02
   2185.     -0.4440E-02
   2183.      0.5968E-02
   2181.      0.3850E-02
   2179.      0.2883E-02
   2177.      0.8704E-03
   2175.      0.1031E-01
   2173.      0.5219E-02
   2171.      0.5091E-02
   2169.      0.5998E-02
   2167.     -0.9356E-04
   2165.     -0.6655E-03
   2162.      0.2340E-02
   2160.     -0.1206E-02
   2158.      0.1395E-01
   2156.     -0.3516E-02
   2154.      0.1373E-01
   2152.     -0.7283E-02
   2150.     -0.8883E-02
   2148.      0.4273E-02
   2146.      0.5634E-02
   2144.     -0.3717E-03
   2142.      0.4044E-02
   2140.     -0.9772E-02
   2138.      0.2481E-03
   2136.     -0.7439E-02
   2134.      0.5123E-03
   2132.      0.3920E-02
   2130.     -0.6823E-03
   2128.     -0.1044E-01
   2126.      0.2514E-02
   2124.      0.1457E-02
   2122.     -0.6467E-02
   2120.     -0.8937E-02
   2117.      0.2651E-02
   2115.     -0.5193E-02
   2113.      0.3408E-02
   2111.      0.1046E-02
   2109.      0.3655E-02
   2107.      0.2822E-02
   2105.     -0.5393E-03
   2103.     -0.8850E-02
   2101.      0.2017E-02
   2099.      0.8972E-02
   2097.     -0.4271E-02
   2095.     -0.1668E-01
   2093.     -0.1033E-02
   2091.     -0.2809E-02
   2089.     -0.9524E-05
   2087.     -0.3941E-02
   2085.      0.1127E-01
   2083.     -0.1927E-02
   2081.      0.1066E-02
   2079.      0.1719E-02
   2077.      0.1443E-02
   2075.      0.6334E-02
   2072.      0.9140E-02
   2070.     -0.4210E-02
   2068.     -0.1871E-02
   2066.     -0.6006E-02
   2064.      0.4025E-02
   2062.      0.6320E-02
   2060.     -0.2810E-02
   2058.     -0.7175E-02
   2056.      0.4907E-02
   2054.     -0.4204E-04
   2052.     -0.7734E-02
   2050.      0.2646E-02
   2048.      0.7167E-02
   2046.      0.8209E-02
   2044.      0.8104E-02
   2042.      0.4853E-03
   2040.      0.8045E-02
   2038.      0.3161E-02
   2036.      0.8035E-02
   2034.      0.9083E-02
   2032.     -0.2715E-02
   2030.     -0.5359E-02
   2027.     -0.2854E-02
   2025.     -0.5443E-02
   2023.     -0.7187E-02
   2021.     -0.1802E-02
   2019.      0.6745E-03
   2017.     -0.4602E-02
   2015.     -0.3405E-03
   2013.     -0.4597E-02
   2011.      0.5087E-03
   2009.     -0.8954E-03
   2007.      0.2496E-02
   2005.     -0.5745E-02
   2003.     -0.3144E-02
   2001.     -0.8969E-02
   1999.     -0.2913E-02
   1997.     -0.6853E-02
   1995.     -0.2630E-02
   1993.      0.6468E-02
   1991.      0.6915E-02
   1989.     -0.3454E-02
   1987.      0.7837E-02
   1985.      0.9344E-02
   1982.      0.5674E-02
   1980.     -0.3358E-02
   1978.      0.9751E-02
   1976.      0.5063E-02
   1974.     -0.1015E-03
   1972.     -0.6056E-02
   1970.      0.1048E-01
   1968.      0.1874E-02
   1966.      0.2777E-02
   1964.     -0.1990E-01
   1962.     -0.3857E-02
   1960.     -0.5149E-03
   1958.     -0.3371E-02
   1956.     -0.5791E-02
   1954.     -0.9007E-02
   1952.     -0.6757E-02
   1950.     -0.1394E-03
   1948.     -0.2942E-02
   1946.      0.2160E-02
   1944.     -0.1255E-01
   1942.      0.4393E-03
   1940.     -0.7950E-02
   1937.     -0.2729E-02
   1935.      0.2205E-02
   1933.      0.3094E-02
   1931.      0.6096E-02
   1929.      0.7892E-02
   1927.     -0.6894E-02
   1925.      0.1136E-02
   1923.      0.9637E-02
   1921.      0.7647E-02
   1919.      0.5597E-02
   1917.      0.7452E-02
   1915.      0.4409E-02
   1913.      0.6005E-02
   1911.      0.1464E-01
   1909.     -0.1156E-01
   1907.     -0.1133E-01
   1905.     -0.1281E-01
   1903.      0.4546E-02
   1901.      0.3088E-02
   1899.     -0.8555E-02
   1897.      0.4947E-02
   1895.     -0.7822E-02
   1892.      0.1209E-01
   1890.      0.4934E-02
   1888.     -0.1353E-01
   1886.      0.8230E-02
   1884.     -0.2226E-02
   1882.     -0.8497E-02
   1880.      0.1377E-02
   1878.      0.4151E-02
   1876.      0.5142E-02
   1874.      0.3413E-02
   1872.     -0.5642E-03
   1870.      0.6162E-02
   1868.      0.1127E-01
   1866.     -0.1130E-02
   1864.      0.1386E-02
   1862.      0.2738E-02
   1860.      0.4763E-02
   1858.      0.1025E-01
   1856.      0.2969E-02
   1854.     -0.2200E-02
   1852.     -0.7151E-02
   1850.     -0.9343E-03
   1847.      0.7752E-03
   1845.     -0.4438E-02
   1843.     -0.7305E-02
   1841.      0.9944E-02
   1839.     -0.3393E-02
   1837.     -0.9370E-04
   1835.      0.7082E-03
   1833.     -0.4879E-02
   1831.     -0.1756E-01
   1829.      0.1041E-01
   1827.     -0.5728E-02
   1825.      0.8488E-02
   1823.     -0.6509E-02
   1821.     -0.9397E-03
   1819.     -0.4819E-02
   1817.      0.6472E-02
   1815.      0.3988E-02
   1813.      0.1227E-01
   1811.      0.7915E-02
   1809.     -0.6018E-03
   1807.     -0.9688E-02
   1805.      0.1042E-01
   1802.      0.3401E-02
   1800.     -0.1077E-01
   1798.     -0.2326E-02
   1796.      0.9031E-02
   1794.     -0.5221E-04
   1792.      0.5433E-02
   1790.      0.5211E-02
   1788.      0.9014E-02
   1786.     -0.8809E-02
   1784.      0.7866E-02
   1782.     -0.1462E-01
   1780.     -0.1052E-01
   1778.      0.1707E-02
   1776.      0.2499E-02
   1774.     -0.8502E-02
   1772.      0.1329E-01
   1770.      0.4891E-02
   1768.     -0.2426E-02
   1766.      0.3769E-02
   1764.     -0.1252E-01
   1762.      0.4215E-02
   1760.      0.1499E-01
   1757.     -0.6600E-02
   1755.      0.2937E-02
   1753.      0.3338E-02
   1751.      0.1203E-01
   1749.      0.7353E-02
   1747.     -0.1090E-01
   1745.      0.1085E-02
   1743.      0.1459E-02
   1741.     -0.8626E-03
   1739.      0.1768E-02
   1737.     -0.3955E-02
   1735.      0.7804E-02
   1733.      0.7524E-02
   1731.     -0.4669E-02
   1729.      0.7537E-02
   1727.      0.1590E-01
   1725.     -0.4897E-02
   1723.     -0.5979E-02
   1721.      0.9314E-02
   1719.     -0.5025E-02
   1717.      0.6835E-02
   1715.     -0.5425E-02
   1712.     -0.6323E-02
   1710.      0.2862E-03
   1708.      0.7588E-02
   1706.     -0.6039E-02
   1704.     -0.7182E-02
   1702.     -0.1094E-02
   1700.      0.4943E-02
   1698.     -0.8427E-02
   1696.      0.1641E-02
   1694.     -0.2616E-02
   1692.      0.8554E-02
   1690.     -0.2405E-02
   1688.     -0.6282E-02
   1686.      0.1868E-02
   1684.      0.1064E-01
   1682.     -0.2334E-01
   1680.      0.1987E-02
   1678.     -0.4971E-02
   1676.     -0.7298E-02
   1674.      0.5179E-02
   1672.     -0.1343E-02
   1670.     -0.1499E-01
   1667.      0.3610E-03
   1665.      0.5772E-02
   1663.      0.3222E-02
   1661.     -0.5733E-02
   1659.      0.3225E-02
   1657.      0.5259E-03
   1655.      0.1584E-01
   1653.      0.9614E-02
   1651.      0.1343E-03
   1649.      0.3130E-02
   1647.      0.2682E-03
   1645.      0.8795E-02
   1643.      0.3014E-02
   1641.      0.3158E-02
   1639.     -0.1005E-01
   1637.     -0.3403E-02
   1635.     -0.4716E-02
   1633.      0.4941E-02
   1631.      0.7838E-02
   1629.     -0.2571E-02
   1627.     -0.1315E-01
   1625.      0.1165E-02
   1622.      0.7331E-03
   1620.      0.5005E-02
   1618.      0.3522E-02
   1616.      0.8795E-02
   1614.      0.1043E-02
   1612.      0.6052E-02
   1610.      0.4188E-02
   1608.      0.8105E-02
   1606.      0.4112E-02
   1604.      0.1776E-02
   1602.      0.4780E-03
   1600.     -0.1055E-02
   1598.      0.1096E-01
   1596.     -0.2281E-02
   1594.      0.9595E-02
   1592.      0.9893E-02
   1590.      0.1313E-02
   1588.      0.4377E-02
   1586.      0.2456E-02
   1584.      0.4072E-02
   1582.      0.6704E-02
   1580.     -0.1301E-01
   1577.      0.7437E-02
   1575.      0.8163E-03
   1573.     -0.4145E-02
   1571.     -0.5332E-02
   1569.     -0.2490E-02
   1567.     -0.2501E-03
   1565.      0.9173E-02
   1563.     -0.2900E-02
   1561.      0.2688E-02
   1559.     -0.2657E-02
   1557.     -0.1317E-01
   1555.     -0.6295E-02
   1553.     -0.8402E-03
   1551.     -0.2017E-02
   1549.      0.1460E-01
   1547.      0.5320E-02
   1545.     -0.3068E-02
   1543.     -0.5026E-02
   1541.     -0.6169E-02
   1539.      0.4992E-02
   1537.     -0.3819E-02
   1535.      0.7897E-02
   1532.      0.2944E-03
   1530.      0.9958E-02
   1528.     -0.4083E-02
   1526.      0.1105E-01
   1524.     -0.1034E-01
   1522.      0.2733E-02
   1520.      0.3623E-02
   1518.      0.3259E-02
   1516.     -0.8956E-02
   1514.      0.9887E-03
   1512.      0.4085E-02
   1510.     -0.1306E-02
   1508.     -0.3878E-02
   1506.     -0.9638E-02
   1504.      0.7823E-02
   1502.      0.9199E-02
   1500.      0.5034E-03
   1498.      0.2048E-02
   1496.      0.6032E-02
   1494.     -0.4992E-02
   1492.     -0.6300E-02
   1490.     -0.8991E-02
   1487.      0.2860E-02
   1485.     -0.2682E-02
   1483.     -0.1164E-01
   1481.     -0.1633E-02
   1479.     -0.4934E-03
   1477.     -0.9112E-02
   1475.     -0.9163E-03
   1473.     -0.8388E-03
   1471.     -0.4918E-03
   1469.     -0.3633E-02
   1467.      0.8070E-03
   1465.     -0.2486E-04
   1463.      0.5763E-02
   1461.     -0.7373E-02
   1459.     -0.7386E-02
   1457.      0.5685E-02
   1455.      0.5402E-02
   1453.      0.3460E-02
   1451.     -0.1349E-02
   1449.      0.4945E-02
   1447.      0.4930E-02
   1445.     -0.6567E-02
   1442.      0.1313E-01
   1440.      0.1376E-01
   1438.      0.6982E-02
   1436.      0.7645E-02
   1434.      0.3528E-02
   1432.     -0.1620E-06
   1430.      0.3066E-02
   1428.     -0.9765E-03
   1426.     -0.1275E-01
   1424.     -0.2885E-02
   1422.     -0.3511E-02
   1420.     -0.4774E-02
   1418.      0.1122E-02
   1416.     -0.6870E-03
   1414.     -0.9979E-02
   1412.     -0.1100E-01
   1410.      0.3746E-02
   1408.      0.2762E-02
   1406.      0.3418E-02
   1404.      0.3493E-02
   1402.      0.5962E-02
   1400.      0.1158E-01
   1397.      0.1002E-02
   1395.      0.3468E-02
   1393.     -0.1049E-02
   1391.     -0.4793E-02
   1389.      0.9902E-02
   1387.     -0.8185E-02
   1385.     -0.1008E-01
   1383.     -0.1358E-02
   1381.      0.4260E-02
   1379.      0.5073E-02
   1377.     -0.1882E-01
   1375.      0.1344E-02
   1373.      0.4867E-02
   1371.      0.9982E-04
   1369.      0.1210E-01
   1367.      0.9659E-02
   1365.      0.1011E-01
   1363.      0.5042E-02
   1361.      0.1514E-01
   1359.     -0.4334E-02
   1357.     -0.6060E-02
   1355.      0.2300E-02
   1352.      0.6212E-02
   1350.     -0.7400E-02
   1348.     -0.1544E-02
   1346.     -0.8136E-02
   1344.     -0.5702E-02
   1342.      0.5971E-03
   1340.      0.1952E-02
   1338.     -0.1802E-01
   1336.     -0.4416E-02
   1334.      0.6807E-02
   1332.     -0.3668E-03
   1330.     -0.2481E-02
   1328.     -0.2770E-02
   1326.     -0.4740E-02
   1324.     -0.2873E-01
   1322.      0.5817E-03
   1320.     -0.4972E-02
   1318.     -0.1596E-01
   1316.      0.1191E-01
   1314.      0.9202E-02
   1312.     -0.1792E-01
   1310.      0.5551E-02
   1307.     -0.5363E-02
   1305.      0.2114E-02
   1303.      0.1967E-02
   1301.     -0.6827E-03
   1299.      0.2218E-02
   1297.     -0.8978E-02
   1295.     -0.4392E-02
   1293.      0.1166E-01
   1291.     -0.5624E-02
   1289.      0.1269E-01
   1287.     -0.4869E-02
   1285.      0.3806E-02
   1283.     -0.7196E-02
   1281.      0.7966E-02
   1279.     -0.8048E-02
   1277.      0.4317E-02
   1275.      0.1307E-02
   1273.     -0.1192E-01
   1271.      0.7826E-02
   1269.     -0.8983E-02
   1267.      0.1398E-01
   1265.      0.7771E-02
   1262.     -0.1026E-01
   1260.      0.3242E-02
   1258.     -0.4470E-02
   1256.     -0.5184E-02
   1254.     -0.3738E-02
   1252.     -0.1237E-02
   1250.     -0.5683E-02
   1248.      0.1298E-02
   1246.      0.9543E-02
   1244.      0.5778E-02
   1242.      0.1256E-02
   1240.      0.1072E-02
   1238.      0.1980E-02
   1236.     -0.1326E-01
   1234.     -0.3318E-02
   1232.     -0.1006E-01
   1230.      0.1625E-02
   1228.      0.1934E-04
   1226.     -0.5427E-02
   1224.     -0.2472E-02
   1222.     -0.1628E-01
   1220.      0.6323E-02
   1217.     -0.1258E-01
   1215.      0.2918E-02
   1213.     -0.5667E-02
   1211.      0.8329E-02
   1209.      0.1135E-01
   1207.      0.9230E-04
   1205.     -0.8624E-02
   1203.     -0.2918E-02
   1201.     -0.1094E-01
   1199.      0.5442E-03
   1197.     -0.1335E-01
   1195.      0.4897E-02
   1193.      0.1586E-01
   1191.      0.3099E-02
   1189.      0.1337E-02
   1187.     -0.1205E-02
   1185.      0.1736E-02
   1183.     -0.1596E-02
   1181.      0.1045E-01
   1179.      0.8665E-02
   1177.      0.9560E-02
   1175.      0.4703E-02
   1172.     -0.2164E-02
   1170.     -0.3964E-02
   1168.     -0.3827E-02
   1166.     -0.3375E-02
   1164.      0.9527E-02
   1162.      0.1543E-01
   1160.     -0.1145E-02
   1158.     -0.1399E-01
   1156.     -0.5551E-02
   1154.     -0.1371E-01
   1152.     -0.1751E-01
   1150.      0.4491E-02
   1148.     -0.1952E-01
   1146.     -0.2161E-01
   1144.     -0.1855E-02
   1142.     -0.2208E-01
   1140.     -0.2501E-02
   1138.     -0.9564E-03
   1136.      0.1914E-02
   1134.     -0.1804E-02
   1132.      0.7938E-02
   1130.      0.2537E-01
   1127.      0.2797E-02
   1125.     -0.3379E-02
   1123.     -0.8934E-02
   1121.     -0.8857E-02
   1119.      0.4739E-02
   1117.     -0.3187E-02
   1115.     -0.6152E-02
   1113.     -0.4421E-02
   1111.     -0.6802E-02
   1109.      0.7639E-02
   1107.      0.4831E-02
   1105.     -0.9567E-02
   1103.     -0.9164E-02
   1101.     -0.9689E-02
   1099.     -0.8869E-02
   1097.     -0.6820E-02
   1095.      0.2812E-02
   1093.      0.2650E-02
   1091.      0.6851E-02
   1089.      0.9328E-02
   1087.      0.1479E-02
   1085.      0.1002E-01
   1082.      0.2031E-02
   1080.     -0.7422E-02
   1078.     -0.2270E-01
   1076.     -0.7733E-02
   1074.      0.8368E-02
   1072.     -0.6145E-02
   1070.     -0.6409E-02
   1068.     -0.3312E-02
   1066.      0.9074E-02
   1064.      0.3245E-02
   1062.     -0.8247E-02
   1060.      0.2517E-02
   1058.      0.2617E-01
   1056.     -0.2340E-02
   1054.      0.5004E-02
   1052.      0.4226E-02
   1050.      0.5807E-03
   1048.     -0.1414E-01
   1046.     -0.5110E-02
   1044.     -0.3575E-03
   1042.     -0.4588E-02
   1040.     -0.2100E-01
   1037.      0.3539E-02
   1035.      0.2103E-01
   1033.     -0.8129E-02
   1031.     -0.4143E-02
   1029.     -0.3990E-02
   1027.     -0.2452E-02
   1025.     -0.1673E-01
   1023.     -0.5536E-02
   1021.      0.9957E-03
   1019.      0.5290E-02
   1017.      0.8811E-03
   1015.     -0.5532E-02
   1013.      0.1025E-02
   1011.     -0.2032E-02
   1009.     -0.3460E-02
   1007.     -0.2522E-02
   1005.      0.1420E-01
   1003.     -0.1237E-02
   1001.      0.9573E-02
   998.6     -0.5124E-02
   996.6      0.1293E-01
   994.5     -0.3265E-02
   992.5      0.1534E-02
   990.4      0.8888E-02
   988.4      0.1493E-01
   986.3      0.1043E-01
   984.3     -0.5951E-02
   982.2      0.7356E-02
   980.2     -0.7480E-02
   978.2      0.1989E-01
   976.1     -0.8704E-02
   974.1     -0.1015E-01
   972.0     -0.4584E-02
   970.0      0.4920E-02
   967.9      0.6653E-02
   965.9     -0.2070E-01
   963.8      0.8801E-03
   961.8     -0.1196E-01
   959.7      0.8923E-02
   957.7     -0.1590E-01
   955.7      0.5794E-02
   953.6     -0.7787E-02
   951.6      0.2568E-02
   949.5     -0.3906E-02
   947.5      0.5817E-02
   945.4      0.3000E-02
   943.4      0.1664E-01
   941.3      0.1725E-01
   939.3      0.2419E-02
   937.2      0.3541E-02
   935.2     -0.6830E-04
   933.2     -0.9986E-03
   931.1     -0.8787E-02
   929.1     -0.9304E-03
   927.0     -0.1104E-01
   925.0     -0.3212E-02
   922.9      0.6909E-02
   920.9      0.1119E-02
   918.8     -0.2835E-02
   916.8      0.8293E-02
   914.7     -0.2212E-01
   912.7     -0.6374E-02
   910.7      0.1424E-02
   908.6     -0.3214E-02
   906.6     -0.1276E-01
   904.5      0.2082E-01
   902.5      0.4908E-03
   900.4      0.1029E-01
   898.4     -0.9550E-02
   896.3     -0.1711E-02
   894.3     -0.1433E-01
   892.2      0.2011E-01
   890.2     -0.5286E-03
   888.2     -0.3008E-02
   886.1     -0.5507E-02
   884.1      0.7381E-02
   882.0     -0.7273E-02
   880.0     -0.1369E-01
   877.9     -0.1060E-01
   875.9     -0.1568E-01
   873.8      0.3557E-02
   871.8     -0.1182E-01
   869.7     -0.8556E-02
   867.7     -0.4934E-02
   865.7      0.1080E-01
   863.6      0.2695E-02
   861.6     -0.2827E-02
   859.5      0.5333E-02
   857.5     -0.2621E-02
   855.4      0.8728E-02
   853.4      0.5295E-02
   851.3     -0.3033E-02
   849.3     -0.8009E-03
   847.2     -0.3115E-02
   845.2      0.4210E-02
   843.2      0.1125E-01
   841.1     -0.6034E-02
   839.1      0.1091E-01
   837.0      0.1502E-01
   835.0     -0.1095E-01
   832.9      0.1055E-01
   830.9      0.1317E-01
   828.8     -0.1126E-01
   826.8      0.3265E-02
   824.7     -0.4738E-02
   822.7      0.3051E-02
   820.7     -0.8395E-02
   818.6     -0.4835E-02
   816.6      0.3854E-02
   814.5      0.1224E-01
   812.5     -0.6388E-02
   810.4      0.3051E-02
   808.4      0.1636E-01
   806.3      0.1602E-01
   804.3      0.4168E-02
   802.2     -0.4570E-02
   800.2      0.8153E-02
   798.2      0.1464E-01
   796.1      0.1270E-01
   794.1      0.2233E-02
   792.0      0.1061E-01
   790.0      0.9096E-02
   787.9      0.4164E-03
   785.9     -0.7393E-03
   783.8     -0.1092E-01
   781.8     -0.2009E-03
   779.7      0.2005E-02
   777.7     -0.4792E-02
   775.7     -0.8285E-03
   773.6     -0.5361E-02
   771.6      0.3159E-02
   769.5      0.1700E-02
   767.5      0.1535E-01
   765.4     -0.1065E-01
   763.4     -0.2537E-02
   761.3      0.6650E-02
   759.3     -0.3482E-02
   757.2      0.4119E-02
   755.2      0.4034E-02
   753.2     -0.1238E-01
   751.1     -0.1442E-01
   749.1      0.4048E-02
   747.0     -0.9253E-02
   745.0      0.6835E-02
   742.9     -0.1763E-02
   740.9     -0.1019E-01
   738.8      0.1546E-01
   736.8     -0.1122E-01
   734.7      0.9580E-02
   732.7      0.6053E-02
   730.7     -0.1599E-01
   728.6     -0.4022E-02
   726.6      0.2942E-02
   724.5      0.4382E-02
   722.5     -0.2726E-02
   720.4      0.2097E-01
   718.4     -0.9656E-02
   716.3     -0.2403E-02
   714.3      0.1206E-01
   712.2     -0.3454E-02
   710.2      0.1053E-01
   708.2     -0.7328E-02
   706.1     -0.4672E-02
   704.1     -0.1256E-01
   702.0      0.8301E-03
   700.0      0.1165E-01
   697.9     -0.2634E-02
   695.9      0.7631E-03
   693.8      0.1249E-01
   691.8      0.3785E-03
   689.7     -0.2738E-02
   687.7     -0.2143E-02
   685.7     -0.3008E-03
   683.6     -0.6846E-02
   681.6      0.1305E-01
   679.5     -0.1024E-01
   677.5     -0.2424E-02
   675.4      0.9839E-03
   673.4      0.5139E-02
   671.3      0.5725E-02
   669.3      0.6400E-02
   667.2      0.7207E-02
   665.2     -0.4722E-02
   663.2     -0.1394E-01
   661.1     -0.7217E-03
   659.1      0.1656E-02
   657.0      0.2212E-03
   655.0      0.2788E-02
   652.9      0.5327E-02
   650.9      0.8883E-02
   648.8      0.7895E-02
   646.8      0.5940E-02
   644.7      0.2135E-03
   642.7      0.9348E-02
   640.7      0.9282E-03
   638.6     -0.1075E-01
   636.6     -0.1296E-02
   634.5     -0.2654E-02
   632.5      0.8931E-02
   630.4      0.1541E-02
   628.4     -0.2946E-02
   626.3      0.5711E-02
   624.3     -0.2304E-02
   622.2     -0.1018E-01
   620.2     -0.6628E-02
   618.2      0.4935E-02
   616.1     -0.6428E-02
   614.1     -0.2495E-02
   612.0     -0.9509E-02
   610.0     -0.5220E-02
   607.9     -0.1981E-01
   605.9      0.1651E-01
   603.8      0.3491E-02
   601.8     -0.1347E-01
   599.7      0.8041E-02
   597.7      0.2926E-02
   595.7     -0.8108E-02
   593.6     -0.2421E-02
   591.6     -0.8055E-02
   589.5     -0.1041E-01
   587.5     -0.2673E-02
   585.4      0.1563E-02
   583.4      0.4313E-03
   581.3     -0.9124E-02
   579.3     -0.1464E-02
   577.2     -0.1109E-01
   575.2     -0.8318E-02
   573.2      0.4251E-02
   571.1      0.1030E-01
   569.1     -0.1018E-02
   567.0     -0.9296E-02
   565.0      0.4860E-03
   562.9      0.5565E-03
   560.9      0.6381E-02
   558.8     -0.8374E-02
   556.8      0.1382E-01
   554.7      0.9738E-02
   552.7     -0.9190E-03
   550.7     -0.7544E-02
   548.6      0.1225E-01
   546.6     -0.5866E-03
   544.5     -0.2322E-02
   542.5      0.5967E-02
   540.4     -0.6830E-02
   538.4      0.5812E-03
   536.3      0.3840E-02
   534.3     -0.2249E-02
   532.2     -0.7640E-02
   530.2      0.1703E-02
   528.2     -0.1032E-01
   526.1      0.2065E-02
   524.1     -0.1850E-02
   522.0     -0.1321E-01
   520.0      0.2277E-01
   517.9     -0.2262E-01
   515.9      0.4683E-02
   513.8     -0.1251E-01
   511.8      0.1394E-02
   509.7      0.1254E-01
   507.7     -0.3121E-02
   505.7     -0.2668E-02
   503.6     -0.2861E-02
   501.6     -0.4821E-02
   499.5      0.5389E-02
   497.5     -0.6760E-03
   495.4     -0.5832E-02
   493.4     -0.1545E-02
   491.3     -0.6174E-02
   489.3      0.2178E-01
   487.2      0.6950E-02
   485.2     -0.1051E-01
   483.2     -0.1698E-02
   481.1      0.1350E-01
   479.1     -0.7604E-02
   477.0     -0.3935E-02
   475.0     -0.7659E-02
   472.9      0.1473E-01
   470.9      0.8674E-02
   468.8      0.9667E-02
   466.8     -0.7719E-02
   464.7      0.1009E-02
   462.7     -0.1231E-02
   460.7     -0.9000E-02
   458.6     -0.4710E-02
   456.6     -0.1124E-01
   454.5     -0.3307E-02
   452.5      0.5013E-02
   450.4     -0.5156E-02
   448.4     -0.8383E-02
   446.3     -0.6385E-02
   444.3      0.2102E-02
   442.2     -0.1710E-02
   440.2      0.1205E-02
   438.2     -0.1110E-02
   436.1     -0.4663E-02
   434.1     -0.3347E-02
   432.0      0.2664E-02
   430.0     -0.6627E-02
   427.9      0.7138E-02
   425.9      0.1238E-01
   423.8     -0.7185E-02
   421.8      0.4949E-02
   419.7      0.3343E-02
   417.7     -0.2965E-02
   415.7      0.1175E-01
   413.6     -0.1016E-01
   411.6     -0.3378E-02
   409.5      0.4080E-02
   407.5      0.2462E-02
   405.4     -0.8818E-02
   403.4      0.1787E-02
   401.3      0.6887E-02
   399.3      0.1791E-02
   397.2      0.2825E-01
   395.2     -0.3863E-02
   393.2      0.7712E-02
   391.1      0.2422E-02
   389.1     -0.1787E-02
   387.0      0.1491E-01
   385.0      0.1949E-01
   382.9      0.5060E-02
   380.9     -0.1524E-02
   378.8      0.1436E-02
   376.8      0.1640E-01
   374.7     -0.2519E-02
   372.7     -0.2828E-02
   370.6      0.1327E-01
   368.6     -0.1506E-02
   366.6      0.2461E-02
   364.5      0.4882E-02
   362.5      0.1532E-01
   360.4     -0.2053E-02
   358.4     -0.6168E-02
   356.3      0.1433E-01
   354.3     -0.4066E-02
   352.2     -0.7125E-02
   350.2     -0.1258E-03
   348.1     -0.9792E-02
   346.1      0.1094E-01
   344.1      0.7377E-03
   342.0      0.1424E-02
   340.0     -0.1614E-03
   337.9      0.4066E-02
   335.9      0.2398E-01
   333.8      0.3056E-02
   331.8     -0.4930E-02
   329.7      0.1506E-01
   327.7      0.1050E-01
   325.6     -0.4158E-02
   323.6      0.1976E-01
   321.6     -0.5726E-02
   319.5      0.1610E-01
   317.5      0.1448E-01
   315.4      0.8453E-02
   313.4      0.8699E-02
   311.3      0.1854E-01
   309.3      0.1967E-01
   307.2      0.6760E-03
   305.2      0.2385E-02
   303.1      0.3931E-02
   301.1      0.4732E-03
   299.1      0.6232E-02
   297.0     -0.1171E-02
   295.0      0.1896E-01
   292.9      0.1151E-01
   290.9      0.2154E-01
   288.8      0.2920E-01
   286.8      0.1030E-01
   284.7      0.1765E-01
   282.7      0.1026E-01
   280.6      0.1619E-01
   278.6      0.2617E-01
   276.6      0.1881E-01
   274.5      0.2602E-01
   272.5      0.1982E-01
   270.4      0.2821E-01
   268.4      0.1946E-01
   266.3      0.2877E-01
   264.3      0.2613E-01
   262.2      0.1651E-01
   260.2      0.2255E-01
   258.1      0.3445E-01
   256.1      0.3790E-01
   254.1      0.3434E-01
   252.0      0.2782E-01
   250.0      0.1718E-01
   247.9      0.3768E-01
   245.9      0.4094E-01
   243.8      0.3859E-01
   241.8      0.4198E-01
   239.7      0.2409E-01
   237.7      0.4896E-01
   235.6      0.6721E-01
   233.6      0.3527E-01
   231.6      0.6128E-01
   229.5      0.4576E-01
   227.5      0.5436E-01
   225.4      0.4923E-01
   223.4      0.6925E-01
   221.3      0.5963E-01
   219.3      0.6921E-01
   217.2      0.7196E-01
   215.2      0.4973E-01
   213.1      0.5109E-01
   211.1      0.6639E-01
   209.1      0.5900E-01
   207.0      0.5915E-01
   205.0      0.7679E-01
   202.9      0.5990E-01
   200.9      0.6389E-01
   198.8      0.5403E-01
   196.8      0.5602E-01
   194.7      0.6559E-01
   192.7      0.5877E-01
   190.6      0.4891E-01
   188.6      0.6747E-01
   186.6      0.5471E-01
   184.5      0.6141E-01
   182.5      0.6405E-01
   180.4      0.6132E-01
   178.4      0.8248E-01
   176.3      0.5769E-01
   174.3      0.5603E-01
   172.2      0.7200E-01
   170.2      0.5859E-01
   168.1      0.4979E-01
   166.1      0.5165E-01
   164.1      0.4137E-01
   162.0      0.5989E-01
   160.0      0.4818E-01
   157.9      0.7837E-01
   155.9      0.6908E-01
   153.8      0.6224E-01
   151.8      0.6010E-01
   149.7      0.5793E-01
   147.7      0.4813E-01
   145.6      0.6563E-01
   143.6      0.6264E-01
   141.6      0.7329E-01
   139.5      0.6288E-01
   137.5      0.5076E-01
   135.4      0.5483E-01
   133.4      0.5561E-01
   131.3      0.5421E-01
   129.3      0.5684E-01
   127.2      0.5284E-01
   125.2      0.6327E-01
   123.1      0.5104E-01
   121.1      0.4537E-01
   119.1      0.5632E-01
   117.0      0.3751E-01
   115.0      0.5413E-01
   112.9      0.5851E-01
   110.9      0.5625E-01
   108.8      0.5062E-01
   106.8      0.6328E-01
   104.7      0.5657E-01
   102.7      0.6554E-01
   100.6      0.5043E-01
   98.60      0.4622E-01
   96.56      0.5195E-01
   94.51      0.6190E-01
   92.47      0.7089E-01
   90.42      0.5034E-01
   88.37      0.5825E-01
   86.33      0.6451E-01
   84.28      0.6972E-01
   82.24      0.6598E-01
   80.19      0.5471E-01
   78.15      0.5132E-01
   76.10      0.5416E-01
   74.06      0.4200E-01
   72.01      0.5717E-01
   69.97      0.6476E-01
   67.92      0.6937E-01
   65.87      0.6106E-01
   63.83      0.5682E-01
   61.78      0.6436E-01
   59.74      0.6852E-01
   57.69      0.4414E-01
   55.65      0.3658E-01
   53.60      0.6399E-01
   51.56      0.5328E-01
   49.51      0.4833E-01
   47.47      0.4610E-01
   45.42      0.5302E-01
   43.37      0.5632E-01
   41.33      0.4377E-01
   39.28      0.5872E-01
   37.24      0.6895E-01
   35.19      0.6965E-01
   33.15      0.7653E-01
   31.10      0.5528E-01
   29.06      0.7525E-01
   27.01      0.6616E-01
   24.96      0.5561E-01
   22.92      0.5519E-01
   20.87      0.4868E-01
   18.83      0.5326E-01
   16.78      0.6764E-01
   14.74      0.5197E-01
   12.69      0.5615E-01
   10.65      0.6049E-01
   8.601      0.6848E-01
   6.556      0.7690E-01
   4.510      0.6576E-01
   2.465      0.6681E-01
  0.4193      0.5965E-01
  -1.626      0.6196E-01
  -3.672      0.5570E-01
  -5.717      0.7374E-01
  -7.763      0.5756E-01
  -9.808      0.5909E-01
  -11.85      0.5933E-01
  -13.90      0.6554E-01
  -15.94      0.4591E-01
  -17.99      0.8143E-01
  -20.04      0.5550E-01
  -22.08      0.4900E-01
  -24.13      0.8008E-01
  -26.17      0.7167E-01
  -28.22      0.6906E-01
  -30.26      0.6000E-01
  -32.31      0.4994E-01
  -34.35      0.5816E-01
  -36.40      0.4647E-01
  -38.44      0.6664E-01
  -40.49      0.5614E-01
  -42.54      0.6100E-01
  -44.58      0.5797E-01
  -46.63      0.6603E-01
  -48.67      0.4810E-01
  -50.72      0.4126E-01
  -52.76      0.6181E-01
  -54.81      0.4686E-01
  -56.85      0.5872E-01
  -58.90      0.6733E-01
  -60.94      0.4244E-01
  -62.99      0.5641E-01
  -65.04      0.5111E-01
  -67.08      0.5373E-01
  -69.13      0.5652E-01
  -71.17      0.4069E-01
  -73.22      0.5039E-01
  -75.26      0.4106E-01
  -77.31      0.5218E-01
  -79.35      0.3837E-01
  -81.40      0.4892E-01
  -83.45      0.5167E-01
  -85.49      0.4406E-01
  -87.54      0.5014E-01
  -89.58      0.1705E-01
  -91.63      0.2845E-01
  -93.67      0.2938E-01
  -95.72      0.3087E-01
  -97.76      0.1548E-01
  -99.81      0.3831E-01
  -101.9      0.2000E-01
  -103.9      0.9308E-02
  -105.9      0.2903E-01
  -108.0      0.2519E-01
  -110.0      0.1051E-01
  -112.1      0.2343E-01
  -114.1      0.2861E-01
  -116.2      0.1928E-01
  -118.2      0.6164E-02
  -120.3      0.7536E-02
  -122.3      0.1017E-01
  -124.4      0.2135E-01
  -126.4      0.1139E-01
  -128.4      0.1085E-01
  -130.5      0.2576E-01
  -132.5      0.8060E-02
  -134.6      0.4610E-03
  -136.6      0.1433E-01
  -138.7      0.1027E-01
  -140.7      0.3315E-01
  -142.8      0.9066E-02
  -144.8      0.1725E-01
  -146.9      0.2964E-02
  -148.9     -0.2613E-02
  -150.9     -0.7067E-03
  -153.0     -0.1067E-02
  -155.0     -0.1265E-01
  -157.1      0.3685E-02
  -159.1      0.1799E-01
  -161.2     -0.1992E-02
  -163.2      0.2202E-02
  -165.3     -0.1311E-01
  -167.3      0.5559E-02
  -169.4      0.6213E-02
  -171.4      0.3150E-01
  -173.4      0.7042E-02
  -175.5      0.9321E-02
  -177.5      0.1476E-01
  -179.6     -0.8927E-02
  -181.6      0.1430E-02
  -183.7      0.8817E-02
  -185.7      0.6876E-02
  -187.8     -0.5634E-02
  -189.8      0.4635E-02
  -191.9     -0.5000E-02
  -193.9      0.2362E-02
  -195.9      0.2273E-02
  -198.0     -0.6575E-02
  -200.0     -0.1381E-01
  -202.1     -0.5615E-02
  -204.1      0.1678E-01
  -206.2      0.1097E-01
  -208.2      0.1552E-01
  -210.3      0.9470E-02
  -212.3     -0.6200E-03
  -214.4      0.1484E-01
  -216.4     -0.4850E-02
  -218.4     -0.1109E-01
  -220.5      0.1387E-01
  -222.5      0.1231E-01
  -224.6      0.1281E-01
  -226.6      0.3781E-03
  -228.7      0.6194E-02
  -230.7     -0.8973E-02
  -232.8     -0.1419E-02
  -234.8      0.7934E-02
  -236.9      0.4099E-04
  -238.9      0.3288E-02
  -240.9      0.3353E-02
  -243.0     -0.1071E-01
  -245.0     -0.1301E-02
  -247.1     -0.1231E-02
  -249.1     -0.5659E-02
  -251.2     -0.8829E-02
  -253.2      0.1554E-01
  -255.3     -0.1922E-02
  -257.3     -0.8462E-02
  -259.4      0.8731E-02
  -261.4     -0.1619E-01
  -263.4      0.1045E-02
  -265.5      0.2336E-03
  -267.5     -0.2055E-01
  -269.6      0.1519E-02
  -271.6      0.7082E-02
  -273.7      0.1234E-01
  -275.7     -0.3029E-02
  -277.8     -0.1032E-02
  -279.8     -0.2339E-02
  -281.9      0.8101E-03
  -283.9     -0.7717E-02
  -285.9     -0.3400E-02
  -288.0      0.7186E-02
  -290.0      0.7773E-02
  -292.1      0.2740E-03
  -294.1      0.3299E-02
  -296.2     -0.5901E-03
  -298.2      0.6296E-02
  -300.3      0.1495E-02
  -302.3      0.1502E-01
  -304.4     -0.1996E-02
  -306.4     -0.8962E-03
  -308.4      0.4954E-03
  -310.5     -0.1123E-01
  -312.5      0.6791E-02
  -314.6     -0.1038E-01
  -316.6     -0.6725E-02
  -318.7     -0.1080E-01
  -320.7     -0.1262E-01
  -322.8     -0.3231E-01
  -324.8      0.9154E-02
  -326.9     -0.1147E-01
  -328.9     -0.7477E-02
  -330.9      0.1421E-01
  -333.0      0.4925E-02
  -335.0      0.9494E-02
  -337.1     -0.9202E-02
  -339.1     -0.2564E-02
  -341.2      0.1257E-01
  -343.2      0.1470E-01
  -345.3     -0.6611E-02
  -347.3      0.6586E-02
  -349.4     -0.1286E-01
  -351.4      0.1077E-01
  -353.4      0.2103E-02
  -355.5      0.8595E-02
  -357.5      0.8776E-02
  -359.6     -0.5480E-03
  -361.6      0.1055E-01
  -363.7      0.2097E-01
  -365.7     -0.2701E-02
  -367.8      0.3271E-02
  -369.8      0.2165E-01
  -371.9     -0.1242E-01
  -373.9      0.6826E-03
  -375.9     -0.7692E-02
  -378.0     -0.6139E-02
  -380.0     -0.1674E-01
  -382.1      0.4317E-02
  -384.1     -0.9118E-02
  -386.2      0.6592E-02
  -388.2      0.4268E-02
  -390.3      0.5775E-02
  -392.3     -0.1120E-01
  -394.4      0.3889E-02
  -396.4      0.2237E-02
  -398.4      0.1045E-01
  -400.5      0.7547E-04
  -402.5     -0.2626E-02
  -404.6      0.3561E-02
  -406.6      0.7983E-02
  -408.7      0.8044E-02
  -410.7      0.1668E-01
  -412.8     -0.5710E-02
  -414.8      0.1202E-02
  -416.9      0.1527E-01
  -418.9      0.5211E-02
  -420.9     -0.1602E-01
  -423.0      0.5016E-02
  -425.0     -0.1571E-01
  -427.1     -0.4861E-02
  -429.1     -0.1136E-01
  -431.2     -0.6563E-02
  -433.2      0.5853E-02
  -435.3      0.1078E-01
  -437.3     -0.7494E-02
  -439.4      0.1531E-01
  -441.4      0.9608E-02
  -443.4     -0.1336E-02
  -445.5     -0.1410E-01
  -447.5      0.9463E-02
  -449.6      0.8646E-02
  -451.6     -0.5502E-03
  -453.7     -0.7406E-02
  -455.7      0.2838E-02
  -457.8      0.2648E-02
  -459.8      0.2762E-02
  -461.9     -0.2163E-02
  -463.9      0.2059E-01
  -465.9      0.8290E-02
  -468.0      0.1167E-01
  -470.0     -0.1700E-01
  -472.1      0.5036E-02
  -474.1      0.7138E-02
  -476.2     -0.1924E-01
  -478.2      0.2645E-02
  -480.3      0.4178E-02
  -482.3      0.1319E-01
  -484.4     -0.3475E-02
  -486.4      0.2243E-03
  -488.4     -0.1425E-01
  -490.5     -0.1158E-01
  -492.5      0.1259E-02
  -494.6      0.6921E-03
  -496.6      0.7917E-02
  -498.7      0.1077E-02
  -500.7      0.1706E-02
  -502.8     -0.8044E-02
  -504.8      0.3353E-02
  -506.9      0.5552E-03
  -508.9      0.5348E-02
  -510.9     -0.1375E-03
  -513.0      0.1155E-01
  -515.0      0.1020E-01
  -517.1     -0.8673E-02
  -519.1      0.2446E-01
  -521.2     -0.9079E-02
  -523.2     -0.4062E-02
  -525.3     -0.1042E-01
  -527.3     -0.9369E-02
  -529.4      0.9842E-02
  -531.4     -0.1136E-02
  -533.4     -0.1523E-01
  -535.5      0.1517E-01
  -537.5     -0.9025E-02
  -539.6     -0.1405E-02
  -541.6     -0.7669E-02
  -543.7      0.8994E-03
  -545.7      0.3155E-02
  -547.8      0.1926E-01
  -549.8     -0.5464E-02
  -551.9      0.5020E-02
  -553.9     -0.7211E-03
  -555.9     -0.4949E-02
  -558.0     -0.5130E-02
  -560.0     -0.8438E-02
  -562.1     -0.1593E-01
  -564.1     -0.6001E-03
  -566.2     -0.3852E-02
  -568.2      0.2817E-02
  -570.3      0.3231E-02
  -572.3     -0.6839E-02
  -574.4     -0.1575E-01
  -576.4     -0.7242E-02
  -578.4     -0.5260E-02
  -580.5      0.2636E-03
  -582.5     -0.1519E-01
  -584.6      0.9531E-02
  -586.6     -0.2545E-01
  -588.7      0.3667E-03
  -590.7      0.3953E-02
  -592.8     -0.3321E-02
  -594.8      0.4174E-02
  -596.9     -0.8410E-02
  -598.9      0.3114E-02
  -600.9      0.1303E-02
  -603.0     -0.5357E-03
  -605.0     -0.1677E-02
  -607.1      0.4277E-02
  -609.1      0.9633E-02
  -611.2     -0.9490E-02
  -613.2      0.6443E-02
  -615.3     -0.8988E-02
  -617.3      0.2204E-01
  -619.4     -0.3708E-02
  -621.4     -0.1784E-02
  -623.5      0.1521E-02
  -625.5     -0.2068E-02
  -627.5     -0.5974E-02
  -629.6     -0.6413E-02
  -631.6     -0.3774E-02
  -633.7      0.1941E-02
  -635.7      0.7806E-03
  -637.8      0.9860E-02
  -639.8     -0.4154E-02
  -641.9      0.5572E-02
  -643.9      0.6926E-03
  -646.0      0.5091E-02
  -648.0      0.2979E-02
  -650.0     -0.4320E-02
  -652.1     -0.1951E-02
  -654.1     -0.1002E-01
  -656.2      0.2112E-02
  -658.2      0.2155E-02
  -660.3      0.4860E-02
  -662.3      0.2461E-02
  -664.4      0.9959E-02
  -666.4     -0.8633E-02
  -668.5     -0.1348E-04
  -670.5      0.2132E-01
  -672.5      0.8581E-03
  -674.6     -0.1256E-01
  -676.6      0.3415E-02
  -678.7      0.7016E-02
  -680.7      0.1207E-01
  -682.8      0.5005E-02
  -684.8      0.6414E-04
  -686.9     -0.1726E-01
  -688.9     -0.7035E-02
  -691.0      0.6343E-02
  -693.0      0.1528E-01
  -695.0      0.1214E-01
  -697.1      0.2705E-03
  -699.1      0.7551E-02
  -701.2     -0.2702E-03
  -703.2     -0.4300E-02
  -705.3      0.1337E-02
  -707.3      0.4830E-02
  -709.4      0.3446E-02
  -711.4     -0.1202E-01
  -713.5     -0.2830E-02
  -715.5     -0.4175E-02
  -717.5     -0.6739E-02
  -719.6     -0.3497E-02
  -721.6      0.2714E-02
  -723.7      0.1379E-01
  -725.7      0.1118E-02
  -727.8      0.1204E-01
  -729.8      0.4470E-02
  -731.9     -0.5816E-02
  -733.9     -0.1232E-01
  -736.0     -0.1062E-01
  -738.0      0.4990E-03
  -740.0     -0.8678E-02
  -742.1     -0.1800E-01
  -744.1     -0.3355E-02
  -746.2      0.4584E-02
  -748.2     -0.4271E-02
  -750.3      0.7270E-02
  -752.3      0.1141E-01
  -754.4      0.7404E-02
  -756.4      0.7394E-03
  -758.5      0.1009E-01
  -760.5      0.2001E-02
  -762.5      0.1090E-01
  -764.6      0.3264E-02
  -766.6      0.1608E-01
  -768.7      0.8332E-02
  -770.7      0.8058E-02
  -772.8      0.1164E-01
  -774.8     -0.7912E-02
  -776.9     -0.1097E-01
  -778.9     -0.5683E-02
  -781.0      0.2918E-02
  -783.0      0.1546E-02
  -785.0     -0.1697E-02
  -787.1      0.3909E-02
  -789.1     -0.4826E-02
  -791.2      0.6876E-02
  -793.2      0.1095E-01
  -795.3      0.7530E-02
  -797.3     -0.4235E-02
  -799.4      0.2499E-03
  -801.4      0.7385E-02
  -803.5     -0.4998E-03
  -805.5      0.1141E-01
  -807.5     -0.1616E-02
  -809.6     -0.5666E-02
  -811.6      0.2191E-01
  -813.7      0.1811E-01
  -815.7      0.1197E-01
  -817.8     -0.1203E-01
  -819.8     -0.6445E-02
  -821.9     -0.4799E-02
  -823.9      0.2646E-02
  -826.0     -0.2684E-02
  -828.0      0.1509E-02
  -830.0     -0.4040E-02
  -832.1     -0.2993E-02
  -834.1     -0.4405E-02
  -836.2     -0.6770E-02
  -838.2      0.6292E-03
  -840.3      0.1060E-01
  -842.3      0.1809E-02
  -844.4     -0.8526E-02
  -846.4      0.3987E-02
  -848.5      0.6598E-03
  -850.5      0.1489E-02
  -852.5     -0.9711E-03
  -854.6      0.1471E-01
  -856.6     -0.1372E-02
  -858.7     -0.9739E-02
  -860.7      0.9994E-02
  -862.8     -0.1006E-02
  -864.8     -0.5247E-03
  -866.9     -0.1941E-02
  -868.9     -0.1714E-02
  -871.0      0.7907E-04
  -873.0     -0.5535E-02
  -875.0     -0.2430E-02
  -877.1     -0.4771E-02
  -879.1     -0.9186E-02
  -881.2     -0.1816E-03
  -883.2      0.6796E-02
  -885.3     -0.5344E-02
  -887.3     -0.7698E-02
  -889.4     -0.1068E-01
  -891.4     -0.4566E-02
  -893.5     -0.5919E-02
  -895.5     -0.9636E-02
  -897.5     -0.1203E-02
  -899.6     -0.1822E-02
  -901.6      0.3273E-02
  -903.7      0.1268E-01
  -905.7     -0.1391E-01
  -907.8     -0.2400E-01
  -909.8     -0.1521E-02
  -911.9      0.3533E-02
  -913.9      0.1689E-01
  -916.0     -0.7965E-02
  -918.0     -0.7724E-02
  -920.0      0.1775E-01
  -922.1     -0.1105E-02
  -924.1     -0.1262E-01
  -926.2      0.1992E-01
  -928.2      0.6236E-02
  -930.3      0.2536E-02
  -932.3     -0.6990E-03
  -934.4     -0.7533E-02
  -936.4     -0.5682E-02
  -938.5     -0.3459E-02
  -940.5     -0.5945E-02
  -942.5      0.3512E-02
  -944.6      0.1233E-01
  -946.6      0.2431E-02
  -948.7     -0.1023E-01
  -950.7      0.5450E-03
  -952.8      0.1661E-02
  -954.8     -0.1149E-01
  -956.9     -0.1141E-01
  -958.9     -0.4453E-02
  -961.0      0.3967E-02
  -963.0     -0.8215E-02
  -965.0      0.4631E-02
  -967.1     -0.7166E-02
  -969.1     -0.1768E-01
  -971.2      0.6166E-02
  -973.2      0.1755E-02
  -975.3     -0.2873E-02
  -977.3      0.1262E-02
  -979.4      0.8280E-02
  -981.4      0.1684E-01
  -983.5     -0.6078E-03
  -985.5     -0.1060E-01
  -987.5      0.2985E-02
  -989.6     -0.2748E-02
  -991.6      0.2457E-02
  -993.7     -0.1686E-01
  -995.7     -0.1426E-02
  -997.8     -0.1561E-02
  -999.8      0.7471E-02
  -1002.      0.6468E-02
  -1004.     -0.9805E-02
  -1006.     -0.2801E-02
  -1008.     -0.9582E-02
  -1010.     -0.4122E-02
  -1012.      0.3326E-02
  -1014.     -0.4460E-02
  -1016.      0.3415E-03
  -1018.      0.1335E-01
  -1020.     -0.3702E-02
  -1022.     -0.6476E-02
  -1024.     -0.7047E-02
  -1026.     -0.2253E-01
  -1028.     -0.2259E-02
  -1030.     -0.1533E-01
  -1033.     -0.2332E-02
  -1035.     -0.8609E-02
  -1037.     -0.5933E-02
  -1039.     -0.1385E-01
  -1041.      0.1856E-02
  -1043.      0.1951E-02
  -1045.     -0.1124E-01
  -1047.     -0.1090E-01
  -1049.      0.7045E-02
  -1051.     -0.1524E-01
  -1053.      0.8495E-02
  -1055.     -0.4526E-02
  -1057.      0.5972E-02
  -1059.     -0.4197E-02
  -1061.     -0.5613E-02
  -1063.      0.1217E-02
  -1065.     -0.4320E-02
  -1067.     -0.2652E-01
  -1069.      0.4092E-02
  -1071.      0.1766E-02
  -1073.     -0.1758E-01
  -1075.     -0.5113E-02
  -1078.     -0.9412E-02
  -1080.      0.6139E-02
  -1082.      0.6349E-02
  -1084.     -0.6898E-02
  -1086.      0.2775E-02
  -1088.      0.3739E-02
  -1090.      0.6956E-02
  -1092.     -0.1362E-01
  -1094.      0.5761E-02
  -1096.     -0.6785E-02
  -1098.     -0.1448E-01
  -1100.     -0.8924E-02
  -1102.     -0.1081E-01
  -1104.      0.4154E-02
  -1106.      0.1551E-01
  -1108.     -0.7561E-02
  -1110.      0.5825E-02
  -1112.      0.7840E-02
  -1114.      0.3699E-02
  -1116.      0.6956E-02
  -1118.     -0.7551E-02
  -1121.      0.8837E-02
  -1123.      0.9233E-02
  -1125.      0.1193E-01
  -1127.      0.5948E-03
  -1129.      0.1348E-02
  -1131.     -0.5541E-02
  -1133.      0.3553E-02
  -1135.     -0.7461E-02
  -1137.     -0.4390E-02
  -1139.     -0.1264E-01
  -1141.      0.8223E-02
  -1143.     -0.9748E-02
  -1145.     -0.2118E-02
  -1147.      0.4731E-02
  -1149.      0.9377E-03
  -1151.      0.1323E-01
  -1153.      0.3708E-02
  -1155.      0.4285E-02
  -1157.      0.6434E-02
  -1159.      0.6739E-02
  -1161.     -0.3377E-02
  -1163.     -0.8257E-03
  -1166.      0.1871E-02
  -1168.     -0.5295E-02
  -1170.      0.2932E-02
  -1172.      0.2593E-02
  -1174.      0.2134E-03
  -1176.      0.3250E-02
  -1178.     -0.9340E-02
  -1180.      0.1022E-01
  -1182.     -0.8364E-02
  -1184.      0.1060E-01
  -1186.     -0.2624E-02
  -1188.      0.6258E-02
  -1190.     -0.8366E-02
  -1192.      0.5397E-02
  -1194.     -0.4980E-02
  -1196.      0.4628E-02
  -1198.      0.6526E-03
  -1200.     -0.1637E-01
  -1202.     -0.2726E-02
  -1204.      0.6061E-02
  -1206.      0.1595E-02
  -1208.      0.1061E-01
  -1211.      0.4482E-02
  -1213.     -0.4670E-02
  -1215.      0.6853E-02
  -1217.      0.2467E-01
  -1219.      0.5549E-02
  -1221.     -0.1416E-01
  -1223.     -0.5604E-03
  -1225.      0.3537E-02
  -1227.     -0.7167E-03
  -1229.      0.1349E-02
  -1231.     -0.1288E-02
  -1233.      0.9300E-02
  -1235.     -0.1650E-01
  -1237.     -0.4970E-02
  -1239.      0.1319E-01
  -1241.     -0.4643E-02
  -1243.     -0.3917E-02
  -1245.      0.6878E-02
  -1247.      0.8214E-02
  -1249.      0.1512E-01
  -1251.      0.5155E-02
  -1253.      0.4589E-02
  -1256.     -0.7927E-02
  -1258.     -0.1498E-01
  -1260.      0.1070E-01
  -1262.     -0.2084E-02
  -1264.      0.8856E-02
  -1266.     -0.1025E-01
  -1268.      0.1246E-01
  -1270.     -0.1107E-01
  -1272.      0.1137E-01
  -1274.     -0.3288E-02
  -1276.     -0.2404E-02
  -1278.     -0.1123E-01
  -1280.     -0.9642E-02
  -1282.      0.1730E-02
  -1284.      0.1506E-01
  -1286.     -0.1138E-01
  -1288.      0.5387E-02
  -1290.     -0.1474E-02
  -1292.     -0.2410E-02
  -1294.      0.5153E-02
  -1296.      0.8415E-02
  -1298.      0.1004E-01
  -1301.     -0.1538E-01
  -1303.      0.9064E-02
  -1305.      0.5712E-02
  -1307.      0.1378E-01
  -1309.     -0.5692E-02
  -1311.      0.1173E-02
  -1313.      0.2576E-03
  -1315.      0.8992E-03
  -1317.     -0.7039E-02
  -1319.     -0.5600E-02
  -1321.     -0.1196E-01
  -1323.     -0.2181E-02
  -1325.     -0.4548E-02
  -1327.     -0.1522E-01
  -1329.     -0.6108E-02
  -1331.     -0.1095E-02
  -1333.      0.3419E-02
  -1335.     -0.5667E-02
  -1337.      0.2125E-02
  -1339.      0.8071E-02
  -1341.      0.9850E-02
  -1343.     -0.1207E-02
  -1346.     -0.1205E-02
  -1348.     -0.6257E-02
  -1350.     -0.3784E-02
  -1352.     -0.3779E-02
  -1354.      0.4768E-02
  -1356.     -0.4199E-02
  -1358.     -0.4828E-02
  -1360.      0.2923E-02
  -1362.      0.3684E-02
  -1364.     -0.9024E-02
  -1366.      0.6773E-03
  -1368.     -0.7980E-03
  -1370.     -0.7886E-02
  -1372.     -0.1469E-02
  -1374.      0.3880E-03
  -1376.      0.1334E-01
  -1378.      0.1508E-01
  -1380.      0.5171E-03
  -1382.     -0.7456E-02
  -1384.      0.8961E-02
  -1386.      0.4917E-02
  -1388.     -0.7525E-02
  -1391.     -0.1296E-02
  -1393.      0.9978E-02
  -1395.     -0.8870E-02
  -1397.     -0.2804E-02
  -1399.      0.6881E-02
  -1401.      0.4871E-03
  -1403.     -0.1286E-01
  -1405.      0.1482E-01
  -1407.      0.1941E-02
  -1409.      0.2346E-02
  -1411.     -0.8373E-02
  -1413.     -0.3439E-02
  -1415.      0.4674E-02
  -1417.     -0.3139E-02
  -1419.      0.2980E-01
  -1421.      0.3368E-02
  -1423.      0.9603E-03
  -1425.      0.2378E-02
  -1427.      0.3183E-02
  -1429.      0.6569E-02
  -1431.     -0.8216E-02
  -1433.     -0.4194E-03
  -1436.     -0.2440E-02
  -1438.      0.2138E-02
  -1440.      0.2740E-02
  -1442.     -0.1994E-01
  -1444.     -0.4444E-03
  -1446.      0.8405E-02
  -1448.     -0.3731E-02
  -1450.      0.1170E-01
  -1452.      0.2123E-03
  -1454.      0.6339E-03
  -1456.     -0.1142E-01
  -1458.      0.1750E-02
  -1460.      0.6448E-03
  -1462.      0.9030E-02
  -1464.     -0.6707E-02
  -1466.      0.6442E-02
  -1468.      0.1407E-01
  -1470.      0.1274E-02
  -1472.      0.9784E-03
  -1474.      0.9902E-02
  -1476.     -0.1466E-02
  -1478.     -0.9611E-03
  -1481.     -0.2861E-02
  -1483.     -0.5319E-03
  -1485.      0.7731E-02
  -1487.      0.2101E-02
  -1489.      0.7814E-02
  -1491.      0.7402E-02
  -1493.     -0.2266E-02
  -1495.      0.8299E-02
  -1497.      0.6965E-02
  -1499.      0.2605E-02
  -1501.      0.1033E-01
  -1503.     -0.9796E-03
  -1505.      0.6225E-02
  -1507.      0.1111E-01
  -1509.      0.1753E-02
  -1511.      0.4190E-02
  -1513.     -0.1660E-01
  -1515.      0.7097E-02
  -1517.     -0.3337E-02
  -1519.     -0.2017E-02
  -1521.     -0.1591E-01
  -1523.      0.1128E-02
  -1526.      0.2296E-03
  -1528.      0.8761E-03
  -1530.     -0.2713E-02
  -1532.     -0.9627E-02
  -1534.      0.6212E-02
  -1536.     -0.1137E-02
  -1538.      0.4624E-03
  -1540.     -0.2650E-02
  -1542.      0.3268E-02
  -1544.      0.7061E-02
  -1546.     -0.1209E-01
  -1548.     -0.1325E-02
  -1550.      0.9084E-02
  -1552.      0.4343E-02
  -1554.     -0.6544E-02
  -1556.      0.2705E-02
  -1558.      0.9789E-02
  -1560.      0.2159E-02
  -1562.     -0.6434E-02
  -1564.      0.8479E-02
  -1566.      0.1220E-01
  -1568.      0.1021E-01
  -1571.      0.8372E-02
  -1573.      0.1246E-01
  -1575.     -0.3236E-02
  -1577.      0.1914E-01
  -1579.      0.6864E-02
  -1581.      0.3720E-02
  -1583.      0.2089E-02
  -1585.     -0.3594E-04
  -1587.      0.3196E-02
  -1589.     -0.1550E-02
  -1591.      0.6543E-02
  -1593.      0.1832E-01
  -1595.      0.5286E-02
  -1597.     -0.1735E-01
  -1599.     -0.8628E-02
  -1601.      0.7746E-02
  -1603.      0.7861E-02
  -1605.      0.9786E-02
  -1607.     -0.2892E-02
  -1609.     -0.5964E-02
  -1611.     -0.1432E-01
  -1613.      0.2134E-01
  -1616.     -0.6175E-03
  -1618.      0.1832E-01
  -1620.      0.3028E-02
  -1622.      0.4533E-02
  -1624.      0.6470E-02
  -1626.      0.6235E-03
  -1628.      0.4214E-02
  -1630.      0.1036E-01
  -1632.      0.3268E-02
  -1634.     -0.2034E-02
  -1636.      0.7343E-02
  -1638.     -0.6139E-02
  -1640.      0.6897E-02
  -1642.      0.4411E-02
  -1644.      0.2772E-02
  -1646.      0.3023E-02
  -1648.      0.6948E-02
  -1650.      0.6288E-03
  -1652.     -0.5775E-02
  -1654.      0.3877E-02
  -1656.     -0.1354E-01
  -1658.      0.3035E-02
  -1661.      0.5667E-02
  -1663.      0.2801E-02
  -1665.     -0.6438E-02
  -1667.      0.5953E-02
  -1669.     -0.7205E-02
  -1671.     -0.5124E-02
  -1673.      0.1631E-02
  -1675.     -0.1088E-01
  -1677.      0.1541E-01
  -1679.      0.6639E-02
  -1681.     -0.1205E-01
  -1683.      0.9286E-03
  -1685.     -0.3390E-02
  -1687.     -0.3683E-02
  -1689.     -0.9835E-02
  -1691.      0.2452E-02
  -1693.      0.5988E-02
  -1695.      0.1188E-01
  -1697.      0.7299E-02
  -1699.     -0.9286E-02
  -1701.      0.8850E-02
  -1703.      0.6301E-02
  -1706.     -0.4001E-02
  -1708.     -0.2017E-03
  -1710.      0.2526E-03
  -1712.     -0.6313E-03
  -1714.     -0.2193E-02
  -1716.      0.1925E-01
  -1718.     -0.3602E-02
  -1720.     -0.1824E-01
  -1722.     -0.4001E-02
  -1724.     -0.3688E-02
  -1726.     -0.1228E-02
  -1728.      0.3281E-02
  -1730.      0.5461E-02
  -1732.     -0.8586E-03
  -1734.      0.1014E-01
  -1736.      0.5519E-02
  -1738.      0.4971E-02
  -1740.      0.6233E-02
  -1742.      0.3947E-02
  -1744.     -0.1017E-01
  -1746.      0.3667E-02
  -1748.      0.8814E-02
  -1751.      0.2839E-02
  -1753.      0.2905E-02
  -1755.      0.6117E-02
  -1757.     -0.5657E-02
  -1759.      0.5009E-02
  -1761.      0.6532E-02
  -1763.      0.2782E-02
  -1765.      0.1342E-01
  -1767.     -0.5961E-02
  -1769.      0.2592E-02
  -1771.     -0.7965E-02
  -1773.      0.1281E-01
  -1775.     -0.1122E-02
  -1777.     -0.8255E-02
  -1779.      0.3249E-02
  -1781.     -0.3200E-02
  -1783.      0.1074E-01
  -1785.      0.1742E-02
  -1787.      0.6870E-03
  -1789.     -0.7953E-02
  -1791.     -0.4032E-02
  -1793.     -0.3037E-02
  -1796.     -0.8380E-02
  -1798.     -0.8255E-02
  -1800.      0.5708E-02
  -1802.     -0.3293E-02
  -1804.     -0.7542E-02
  -1806.      0.6604E-02
  -1808.     -0.2963E-02
  -1810.     -0.6684E-02
  -1812.     -0.4286E-02
  -1814.     -0.1027E-01
  -1816.     -0.3013E-02
  -1818.     -0.9841E-02
  -1820.     -0.1593E-01
  -1822.      0.3765E-02
  -1824.     -0.4979E-02
  -1826.      0.7669E-02
  -1828.      0.1224E-01
  -1830.      0.2445E-02
  -1832.     -0.1190E-01
  -1834.     -0.6254E-02
  -1836.      0.6769E-02
  -1838.     -0.7495E-02
  -1841.      0.1431E-02
  -1843.      0.2379E-02
  -1845.      0.5312E-02
  -1847.     -0.2444E-02
  -1849.      0.1637E-02
  -1851.     -0.9599E-03
  -1853.     -0.1995E-02
  -1855.     -0.6063E-02
  -1857.     -0.1328E-02
  -1859.     -0.1014E-02
  -1861.     -0.7989E-02
  -1863.      0.8156E-02
  -1865.      0.7541E-04
  -1867.      0.4484E-02
  -1869.     -0.1499E-01
  -1871.      0.5120E-02
  -1873.      0.1065E-01
  -1875.      0.8738E-02
  -1877.      0.1375E-02
  -1879.      0.1387E-01
  -1881.      0.3754E-02
  -1883.      0.1914E-02
  -1886.     -0.1102E-01
  -1888.     -0.1557E-01
  -1890.      0.1331E-01
  -1892.     -0.1757E-02
  -1894.     -0.7004E-02
  -1896.      0.2267E-03
  -1898.      0.8699E-02
  -1900.      0.4378E-02
  -1902.     -0.1145E-01
  -1904.     -0.1732E-03
  -1906.      0.4720E-02
  -1908.     -0.4103E-02
  -1910.      0.7344E-02
  -1912.     -0.1174E-01
  -1914.     -0.3400E-02
  -1916.      0.6412E-02
  -1918.     -0.4008E-02
  -1920.     -0.4480E-02
  -1922.      0.7875E-02
  -1924.     -0.3803E-02
  -1926.     -0.1245E-01
  -1928.      0.8833E-02
  -1931.     -0.7967E-02
  -1933.      0.9414E-02
  -1935.      0.3468E-02
  -1937.     -0.4752E-02
  -1939.      0.1066E-01
  -1941.     -0.1193E-01
  -1943.     -0.3599E-02
  -1945.     -0.3253E-02
  -1947.     -0.6232E-02
  -1949.      0.3447E-02
  -1951.      0.7206E-02
  -1953.     -0.1272E-01
  -1955.     -0.1270E-01
  -1957.     -0.1078E-01
  -1959.     -0.2739E-02
  -1961.      0.1000E-02
  -1963.     -0.1608E-03
  -1965.     -0.6024E-02
  -1967.     -0.1219E-02
  -1969.     -0.8546E-02
  -1971.     -0.6130E-02
  -1973.      0.1111E-01
  -1976.     -0.2151E-03
  -1978.      0.1061E-01
  -1980.     -0.1311E-01
  -1982.      0.4818E-02
  -1984.     -0.2630E-02
  -1986.     -0.6556E-02
  -1988.      0.3113E-02
  -1990.      0.7116E-02
  -1992.     -0.5566E-02
  -1994.      0.2273E-02
  -1996.     -0.3571E-02
  -1998.      0.2345E-02
  -2000.      0.1777E-01
  -2002.     -0.1980E-01
  -2004.     -0.3405E-02
  -2006.     -0.1429E-01
  -2008.     -0.4701E-02
  -2010.      0.5195E-02
  -2012.      0.2524E-02
  -2014.     -0.2384E-02
  -2016.      0.1271E-02
  -2018.      0.1789E-02
  -2021.      0.6819E-02
  -2023.     -0.1054E-01
  -2025.      0.4808E-02
  -2027.     -0.6205E-02
  -2029.      0.8210E-02
  -2031.      0.6697E-02
  -2033.     -0.5081E-02
  -2035.      0.3890E-02
  -2037.     -0.1987E-02
  -2039.     -0.8323E-02
  -2041.      0.5517E-02
  -2043.      0.4464E-02
  -2045.     -0.8428E-02
  -2047.      0.2253E-02
  -2049.     -0.1263E-03
  -2051.     -0.3135E-02
  -2053.     -0.9877E-02
  -2055.     -0.2769E-02
  -2057.      0.7395E-03
  -2059.     -0.4140E-02
  -2061.     -0.1610E-01
  -2063.     -0.1692E-01
  -2066.      0.5082E-02
  -2068.     -0.4010E-02
  -2070.     -0.2872E-02
  -2072.     -0.9404E-02
  -2074.     -0.1913E-02
  -2076.     -0.1033E-01
  -2078.      0.3212E-02
  -2080.     -0.7898E-02
  -2082.     -0.2505E-02
  -2084.     -0.4223E-02
  -2086.     -0.1902E-02
  -2088.     -0.5285E-02
  -2090.     -0.8486E-02
  -2092.     -0.1020E-01
  -2094.     -0.7604E-02
  -2096.     -0.1042E-01
  -2098.     -0.5374E-02
  -2100.     -0.1728E-01
  -2102.     -0.1335E-01
  -2104.     -0.1144E-01
  -2106.      0.5433E-02
  -2108.     -0.6384E-02
  -2111.      0.4131E-02
  -2113.      0.1466E-02
  -2115.     -0.1879E-02
  -2117.     -0.2119E-03
  -2119.     -0.2392E-02
  -2121.     -0.6838E-02
  -2123.     -0.1013E-03
  -2125.     -0.4450E-02
  -2127.      0.2010E-02
  -2129.     -0.1024E-01
  -2131.     -0.1958E-01
  -2133.     -0.4173E-02
  -2135.     -0.1024E-01
  -2137.     -0.7809E-02
  -2139.     -0.1466E-01
  -2141.     -0.1487E-01
  -2143.     -0.5688E-02
  -2145.     -0.9806E-02
  -2147.      0.1270E-02
  -2149.      0.3866E-02
  -2151.      0.9289E-02
  -2153.     -0.1340E-01
  -2156.     -0.1383E-01
  -2158.     -0.4585E-02
  -2160.     -0.2840E-02
  -2162.      0.5791E-02
  -2164.      0.4493E-03
  -2166.     -0.9184E-02
  -2168.     -0.5330E-02
  -2170.     -0.3300E-02
  -2172.     -0.1005E-01
  -2174.     -0.3052E-02
  -2176.     -0.4507E-02
  -2178.     -0.1139E-01
  -2180.      0.2696E-03
  -2182.     -0.7089E-03
  -2184.      0.1064E-01
  -2186.      0.2865E-02
  -2188.     -0.9543E-02
  -2190.     -0.4962E-02
  -2192.     -0.1319E-01
  -2194.      0.1544E-02
  -2196.      0.5335E-02
  -2198.     -0.3540E-02
  -2201.      0.6786E-02
  -2203.     -0.7372E-02
  -2205.     -0.4887E-02
  -2207.     -0.1055E-01
  -2209.      0.8361E-02
  -2211.      0.9217E-02
  -2213.     -0.7109E-02
  -2215.      0.1833E-02
  -2217.     -0.4731E-02
  -2219.     -0.1132E-02
  -2221.     -0.9444E-03
  -2223.     -0.1343E-02
  -2225.     -0.9837E-02
  -2227.     -0.9645E-03
  -2229.     -0.7107E-02
  -2231.     -0.6319E-02
  -2233.      0.1377E-01
  -2235.     -0.6838E-02
  -2237.      0.7835E-02
  -2239.     -0.5082E-02
  -2241.     -0.1662E-03
  -2243.      0.1276E-01
  -2246.      0.9410E-02
  -2248.     -0.4415E-02
  -2250.     -0.1637E-01
  -2252.     -0.1727E-02
  -2254.      0.8625E-02
  -2256.      0.1809E-03
  -2258.      0.1306E-01
  -2260.     -0.6779E-02
  -2262.      0.4459E-02
  -2264.     -0.1540E-02
  -2266.      0.4076E-02
  -2268.     -0.1333E-02
  -2270.      0.3960E-02
  -2272.     -0.3531E-02
  -2274.     -0.7949E-03
  -2276.     -0.8553E-05
  -2278.     -0.6034E-02
  -2280.     -0.4771E-02
  -2282.      0.6486E-02
  -2284.      0.5903E-04
  -2286.      0.5774E-02
  -2288.     -0.4104E-02
  -2291.      0.2689E-02
  -2293.      0.3994E-02
  -2295.      0.9323E-02
  -2297.     -0.6133E-02
  -2299.      0.1512E-03
  -2301.     -0.1876E-03
  -2303.      0.4501E-02
  -2305.     -0.7001E-02
  -2307.     -0.1405E-01
  -2309.      0.8903E-02
  -2311.      0.5413E-02
  -2313.      0.2062E-02
  -2315.     -0.1681E-02
  -2317.     -0.1614E-01
  -2319.     -0.3054E-03
  -2321.     -0.6162E-02
  -2323.      0.6434E-02
  -2325.      0.5837E-02
  -2327.      0.6186E-02
  -2329.     -0.3162E-02
  -2331.     -0.2453E-02
  -2333.      0.5323E-02
  -2336.      0.7774E-02
  -2338.     -0.5152E-02
  -2340.     -0.4280E-02
  -2342.      0.7780E-02
  -2344.     -0.6830E-02
  -2346.     -0.3181E-02
  -2348.      0.3111E-02
  -2350.     -0.5165E-02
  -2352.      0.2495E-02
  -2354.      0.2770E-02
  -2356.      0.1676E-02
  -2358.      0.7556E-02
  -2360.      0.3453E-02
  -2362.     -0.1139E-01
  -2364.     -0.5443E-02
  -2366.      0.5695E-02
  -2368.     -0.7046E-03
  -2370.      0.7493E-02
  -2372.      0.4265E-02
  -2374.      0.3306E-02
  -2376.      0.7011E-02
  -2378.      0.2011E-03
  -2381.      0.3778E-02
  -2383.      0.1192E-01
  -2385.      0.7585E-02
  -2387.     -0.5429E-02
  -2389.      0.5565E-03
  -2391.      0.4137E-03
  -2393.      0.1352E-02
  -2395.      0.7225E-02
  -2397.      0.2543E-02
  -2399.      0.7157E-02
  -2401.      0.5393E-02
  -2403.      0.5995E-02
  -2405.     -0.3639E-02
  -2407.      0.1026E-01
  -2409.     -0.7638E-02
  -2411.     -0.7208E-02
  -2413.     -0.7348E-02
  -2415.      0.2274E-02
  -2417.     -0.4435E-03
  -2419.     -0.4756E-02
  -2421.      0.6789E-02
  -2423.     -0.3734E-02
  -2426.     -0.9805E-02
  -2428.     -0.5565E-02
  -2430.      0.1126E-01
  -2432.      0.1064E-02
  -2434.      0.5183E-03
  -2436.     -0.1081E-01
  -2438.      0.6608E-02
  -2440.     -0.5237E-02
  -2442.     -0.7175E-02
  -2444.      0.2979E-02
  -2446.     -0.2981E-02
  -2448.      0.4804E-02
  -2450.      0.5982E-02
  -2452.     -0.1576E-02
  -2454.     -0.7832E-02
  -2456.     -0.4104E-02
  -2458.      0.1252E-02
  -2460.      0.5660E-02
  -2462.      0.7263E-02
  -2464.      0.2765E-02
  -2466.     -0.3365E-02
  -2468.      0.1523E-01
  -2471.      0.1535E-01
  -2473.      0.1027E-01
  -2475.      0.3159E-02
  -2477.     -0.5757E-02
  -2479.     -0.4853E-02
  -2481.      0.1204E-01
  -2483.     -0.5925E-02
  -2485.     -0.5678E-03
  -2487.      0.5634E-02
  -2489.      0.6683E-02
  -2491.     -0.1131E-01
  -2493.      0.2979E-02
  -2495.     -0.4487E-02
  -2497.      0.9570E-02
  -2499.      0.1063E-01
  -2501.      0.1285E-01
  -2503.      0.8381E-02
  -2505.     -0.8503E-03
  -2507.     -0.9719E-02
  -2509.      0.6412E-02
  -2511.      0.9311E-02
  -2513.     -0.2254E-01
  -2516.     -0.3566E-02
  -2518.     -0.5444E-03
  -2520.     -0.2419E-02
  -2522.      0.3306E-02
  -2524.      0.6438E-04
  -2526.      0.2382E-02
  -2528.      0.8988E-02
  -2530.     -0.6508E-04
  -2532.      0.9263E-03
  -2534.      0.5481E-03
  -2536.     -0.1216E-02
  -2538.      0.8209E-02
  -2540.     -0.3991E-02
  -2542.      0.1376E-02
  -2544.      0.7050E-02
  -2546.      0.6373E-02
  -2548.      0.6574E-02
  -2550.      0.1698E-01
  -2552.      0.5329E-02
  -2554.     -0.1754E-02
  -2556.      0.1180E-01
  -2558.      0.3656E-02
  -2561.     -0.8775E-02
  -2563.      0.1101E-01
  -2565.      0.6474E-03
  -2567.      0.5489E-02
  -2569.     -0.3584E-03
  -2571.      0.1331E-01
  -2573.      0.8270E-02
  -2575.      0.8630E-02
  -2577.      0.5713E-02
  -2579.     -0.7421E-02
  -2581.      0.1934E-02
  -2583.     -0.1939E-02
  -2585.      0.1505E-01
  -2587.      0.5052E-02
  -2589.     -0.1697E-01
  -2591.     -0.4317E-03
  -2593.     -0.9001E-02
  -2595.      0.7713E-02
  -2597.      0.3791E-03
  -2599.      0.1584E-02
  -2601.     -0.4984E-02
  -2603.      0.3944E-02
  -2606.     -0.6961E-02
  -2608.     -0.3952E-02
  -2610.      0.1269E-02
  -2612.     -0.3759E-03
  -2614.     -0.2998E-03
  -2616.      0.1661E-01
  -2618.      0.5790E-03
  -2620.     -0.4614E-02
  -2622.      0.3767E-02
  -2624.     -0.1653E-02
  -2626.     -0.4384E-02
  -2628.     -0.8978E-02
  -2630.      0.3889E-02
  -2632.      0.4551E-02
  -2634.      0.1713E-02
  -2636.     -0.8326E-02
  -2638.     -0.1373E-01
  -2640.      0.3566E-02
  -2642.     -0.3620E-02
  -2644.      0.6882E-04
  -2646.      0.8815E-02
  -2648.     -0.1273E-02
  -2651.      0.2654E-02
  -2653.      0.4462E-02
  -2655.      0.6253E-02
  -2657.     -0.1496E-01
  -2659.     -0.1086E-02
  -2661.     -0.6754E-03
  -2663.      0.7734E-02
  -2665.     -0.1906E-02
  -2667.      0.9490E-02
  -2669.      0.4747E-02
  -2671.      0.9217E-02
  -2673.     -0.7530E-02
  -2675.      0.3525E-02
  -2677.      0.1786E-02
  -2679.     -0.9120E-02
